5800	1936	17
0.20157690346240997	-1.2551318407058716	0.1984952986240387	0.772497832775116	0.2946126163005829	0.6640203138838612	1	0.2618044293707622	9	0.0741752567453766	2	6.826309345342452e-06	0.23814214766025543	0.9712303280830383	0.0014611034421250224	-0.9712293148040771	0.23814189434051514	0.9999989867210388	0.0014174423413351178	-0.0003545802319422364
0.3982371985912323	-1.064417839050293	0.15173153579235077	0.733819305896759	0.3343779146671295	0.6014473828776732	1	0.31992666357202054	9	0.07862595355030631	0	6.826309345342452e-06	0.23814214766025543	0.9712303280830383	0.0014611035585403442	-0.9712293148040771	0.23814189434051514	0.9999989867210388	0.0014174424577504396	-0.0003545802610460669
0.12735320627689362	-1.0644171237945557	0.15173326432704926	0.7338191270828247	0.2796841561794281	0.870888282908959	1	0.07182898278769999	9	0.05728273430334098	0	6.826309345342452e-06	0.23814214766025543	0.9712303280830383	0.0014611033257097006	-0.9712292551994324	0.23814186453819275	0.999998927116394	0.001417442224919796	-0.00035458020283840597
-0.8858522176742554	-1.624027967453003	0.3212975561618805	0.4969542920589447	0.783771276473999	1.0	2	0.0	0	0.0	0	-0.17759943008422852	-0.9838302731513977	-0.02316337265074253	-2.71917087957263e-07	-0.023537499830126762	0.999722957611084	-0.9841029047966003	0.17755022644996643	0.004179979674518108
-0.23382993042469025	-1.731724739074707	-0.10366005450487137	0.4112127423286438	0.6521186828613281	0.5434845506933438	2	0.4565154493066562	16	0.0	0	-0.17759943008422852	-0.9838302731513977	-0.02316337265074253	-2.71917087957263e-07	-0.02353750169277191	0.999722957611084	-0.9841029047966003	0.17755022644996643	0.004179979674518108
-0.2246682345867157	-1.738185167312622	0.10049209743738174	0.4525052607059479	0.6502687931060791	0.6747544114861354	2	0.32524558851386465	16	0.0	0	-0.17759943008422852	-0.9838302731513977	-0.02316337265074253	-2.71917087957263e-07	-0.02353750169277191	0.999722957611084	-0.9841029047966003	0.17755022644996643	0.004179979674518108
0.28449925780296326	-1.513927936553955	-0.3858993351459503	0.5869713425636292	0.5608084797859192	0.8441525280690197	9	0.09819961323691118	1	0.05764785869406912	16	0.010632595047354698	0.5279626846313477	-0.849200963973999	-0.047771599143743515	-0.8480111360549927	-0.5278210639953613	-0.9988017082214355	0.04617979750037193	0.016205061227083206
0.8696746230125427	-1.4038282632827759	-0.31012168526649475	0.5649787783622742	0.44448545575141907	1.0	9	0.0	0	0.0	0	0.010632595047354698	0.5279626846313477	-0.849200963973999	-0.047771599143743515	-0.8480110764503479	-0.5278210639953613	-0.9988017082214355	0.04617979750037193	0.016205063089728355
0.9401761889457703	-1.5139275789260864	-0.37768957018852234	0.5870003700256348	0.4290746748447418	0.9816922035012016	9	0.018307796498798438	10	0.0	0	0.010632595047354698	0.5279626846313477	-0.849200963973999	-0.047771599143743515	-0.8480110764503479	-0.5278210639953613	-0.9988017082214355	0.04617979750037193	0.016205063089728355
-0.956354558467865	-1.513928771018982	0.3888663351535797	0.22296015918254852	0.7529031038284302	1.0	2	0.0	0	0.0	0	-0.8421358466148376	0.539265513420105	-1.301017249488723e-07	-0.5392499566078186	-0.8421116471290588	0.007588735315948725	0.004092233721166849	0.006390816532075405	0.9999712705612183
-0.8858521580696106	-1.4038299322128296	-0.3101220428943634	0.2006613165140152	0.6119829416275024	1.0	2	0.0	0	0.0	0	-0.8421358466148376	0.539265513420105	-1.301017249488723e-07	-0.5392500162124634	-0.8421116471290588	0.0075887348502874374	0.004092233255505562	0.006390815135091543	0.9999712109565735
-0.9563544392585754	-1.513928771018982	-0.37769076228141785	0.22296012938022614	0.5981410145759583	0.9602296553435744	2	0.03977034465642557	3	0.0	0	-0.8421358466148376	0.539265513420105	-1.301017249488723e-07	-0.5392499566078186	-0.8421115875244141	0.00758873438462615	0.0040922327898442745	0.006390814669430256	0.9999711513519287
-0.30067649483680725	-1.5139284133911133	0.3970750868320465	0.825319766998291	0.19294865429401398	0.8875307657829598	2	0.07349241051775166	16	0.03897682369928862	1	-0.010631812736392021	0.527967095375061	0.8491982817649841	0.0033423486165702343	-0.8492227792739868	0.5280241966247559	0.999937891960144	0.00845217052847147	0.007264127489179373
-0.8858521580696106	-1.4038294553756714	0.32129761576652527	0.8028694987297058	0.07489383220672607	1.0	2	0.0	0	0.0	0	-0.010631812736392021	0.527967095375061	0.8491982817649841	0.0033423483837395906	-0.8492228388786316	0.5280241966247559	0.999937891960144	0.00845217052847147	0.00726412795484066
-0.956354558467865	-1.513928771018982	0.3888663351535797	0.8252993822097778	0.06057247519493103	1.0	2	0.0	0	0.0	0	-0.010631812736392021	0.527967095375061	0.8491982817649841	0.003342348849400878	-0.8492227792739868	0.5280241966247559	0.999937891960144	0.008452171459794044	0.0072641270235180855
-0.33385181427001953	-0.9964793920516968	0.06659937649965286	0.9424146413803101	0.4102846682071686	0.5835195224770057	1	0.28842937078685604	2	0.12805110673613837	0	-1.0	-7.015318033154472e-07	0.0	2.4968947048842338e-11	-3.5592038329923525e-05	-1.0	7.015318033154472e-07	-1.0	3.5592038329923525e-05
-0.3338519334793091	-0.8265522718429565	-0.05526728183031082	0.9670555591583252	0.37597349286079407	0.4345346767231258	0	0.4280210404649629	1	0.1374442828119113	2	-1.0	-7.015318033154472e-07	0.0	2.514132825537363e-11	-3.583775833249092e-05	-1.0	7.015318033154472e-07	-1.0	3.583775833249092e-05
-0.33385181427001953	-0.9964793920516968	-0.05526728183031082	0.9670555591583252	0.41028380393981934	0.5899203351268996	1	0.27086343259577356	2	0.1392162322773269	0	-1.0	-7.015318033154472e-07	0.0	2.4640447668367038e-11	-3.512377952574752e-05	-1.0	7.015318033154472e-07	-1.0	3.512377952574752e-05
-0.21773482859134674	-1.255194067955017	-0.18721148371696472	0.5353614687919617	0.6654232740402222	0.660946198600143	1	0.30837878464518337	2	0.030675016754673583	9	2.0445065729290945e-06	0.2375471591949463	-0.9713760018348694	-0.02240065112709999	-0.9711323380470276	-0.23748762905597687	-0.9997491240501404	0.021759940311312675	0.00531922560185194
-0.41441503167152405	-1.0644183158874512	-0.14055824279785156	0.49695441126823425	0.7058675289154053	0.5451434189232642	2	0.3909146747770995	1	0.0639419062996363	0	2.0445065729290945e-06	0.2375471591949463	-0.9713760018348694	-0.02240064926445484	-0.9711322784423828	-0.23748761415481567	-0.9997490644454956	0.021759938448667526	0.005319225136190653
-0.14353083074092865	-1.0644176006317139	-0.14055749773979187	0.4969542920589447	0.6513833999633789	0.8437594758047724	1	0.09776888815912131	2	0.058471636036106285	0	2.0445065729290945e-06	0.2375471591949463	-0.9713760018348694	-0.02240065112709999	-0.9711322784423828	-0.23748761415481567	-0.9997490644454956	0.021759940311312675	0.00531922560185194
0.6064082980155945	-1.2885006666183472	-0.1930845081806183	0.9877040386199951	0.24400250613689423	0.8579817644547875	9	0.14201823554521253	1	0.0	0	0.7325648665428162	0.6806972622871399	-9.787300950847566e-05	0.679440438747406	-0.7312210202217102	-0.06063482165336609	-0.04134552180767059	0.04435243457555771	-0.9981600046157837
0.3982371985912323	-1.064417839050293	0.15173153579235077	0.9424230456352234	0.17839190363883972	0.6014473828776732	1	0.31992666357202054	9	0.07862595355030631	0	0.7325648665428162	0.6806972622871399	-9.787300950847566e-05	0.679440438747406	-0.7312209606170654	-0.06063482165336609	-0.041345518082380295	0.04435243457555771	-0.9981600046157837
0.606425940990448	-1.288462519645691	0.20428797602653503	0.9877040386199951	0.16408562660217285	0.8778754011794552	9	0.12212459882054488	1	0.0	0	0.7325648665428162	0.6806972622871399	-9.787300950847566e-05	0.679440438747406	-0.7312210202217102	-0.06063482165336609	-0.04134552180767059	0.04435243457555771	-0.9981600046157837
-0.6224942803382874	-1.2886968851089478	-0.1929488480091095	0.9878695011138916	0.29579973220825195	0.9164502983504103	2	0.08354970164958976	1	0.0	0	-0.7330858707427979	0.6801360845565796	0.0	-0.6801042556762695	-0.733051598072052	0.00967454258352518	0.006580005865544081	0.007092271000146866	0.9999532103538513
-0.41441503167152405	-1.0644183158874512	0.1517314314842224	0.942422091960907	0.3659856617450714	0.5598609322171247	2	0.3814084136965976	1	0.05873065408627769	0	-0.7330858707427979	0.6801360845565796	0.0	-0.6801042556762695	-0.7330515384674072	0.00967454258352518	0.006580005865544081	0.007092271000146866	0.9999532103538513
-0.41441503167152405	-1.0644183158874512	-0.14055824279785156	0.9424146413803101	0.3069745898246765	0.5451434189232642	2	0.3909146747770995	1	0.0639419062996363	0	-0.7330858707427979	0.6801360845565796	0.0	-0.6801042556762695	-0.7330515384674072	0.009674541652202606	0.006580005865544081	0.007092271000146866	0.9999532699584961
0.31848064064979553	-0.9964789152145386	-0.055267222225666046	0.8891288638114929	0.016157981008291245	0.6099589515291745	1	0.21869714156979453	9	0.17134390690103102	0	-4.320685889069864e-07	0.7821807265281677	-0.623051643371582	-0.0023684678599238396	-0.6230499148368835	-0.7821785807609558	-0.9999972581863403	0.0014753398718312383	0.0018528391374275088
0.127353236079216	-1.0644176006317139	-0.14055749773979187	0.9064971804618835	0.05469658598303795	0.8386676236040265	1	0.10433366196514142	9	0.056998714430832105	0	-4.320685889069864e-07	0.7821807265281677	-0.623051643371582	-0.002368467627093196	-0.6230498552322388	-0.782178521156311	-0.9999971985816956	0.0014753396390005946	0.0018528389045968652
0.10103650391101837	-0.9964790344238281	-0.055267222225666046	0.8891288042068481	0.06006237491965294	0.8477280482133384	1	0.14248265096654675	0	0.009789300820114893	9	-4.320685889069864e-07	0.7821807265281677	-0.623051643371582	-0.002368467627093196	-0.6230499148368835	-0.782178521156311	-0.9999971389770508	0.001475339406169951	0.0018528386717662215
-0.33385181427001953	-0.9964793920516968	-0.05526728183031082	0.8891287446022034	0.14787116646766663	0.5899203351268996	1	0.27086343259577356	2	0.1392162322773269	0	-0.644669771194458	0.7644611597061157	0.0	3.5845758247887716e-05	3.0228711693780497e-05	-1.0	-0.7644612193107605	-0.644669771194458	-4.689022898674011e-05
-0.41441503167152405	-1.0644183158874512	0.1517314314842224	0.8473939895629883	0.16408352553844452	0.5598609322171247	2	0.3814084136965976	1	0.05873065408627769	0	-0.644669771194458	0.7644611597061157	0.0	3.5845758247887716e-05	3.02287135127699e-05	-1.0	-0.7644611597061157	-0.644669771194458	-4.689022898674011e-05
-0.33385181427001953	-0.9964793920516968	0.06659937649965286	0.8644863367080688	0.1478702872991562	0.5835195224770057	1	0.28842937078685604	2	0.12805110673613837	0	-0.644669771194458	0.7644611597061157	0.0	3.584576188586652e-05	3.0228717150748707e-05	-1.0	-0.7644612193107605	-0.644669771194458	-4.6890236262697726e-05
-0.33385181427001953	-0.9964793920516968	0.06659937649965286	0.8644863367080688	0.1478702872991562	0.5835195224770057	1	0.28842937078685604	2	0.12805110673613837	0	-4.7187893414957216e-07	0.781626284122467	0.6237471699714661	0.00242683757096529	0.623745322227478	-0.7816239595413208	-0.999997079372406	0.0015133642591536045	-0.0018971740501001477
-0.14353089034557343	-1.0644171237945557	0.15173323452472687	0.8473936915397644	0.10938900709152222	0.7178719655149102	1	0.2222443580939344	2	0.05988367639115547	0	-4.7187893414957216e-07	0.781626284122467	0.6237471699714661	0.00242683757096529	0.623745322227478	-0.7816239595413208	-0.999997079372406	0.0015133642591536045	-0.0018971740501001477
-0.11640769243240356	-0.9964792728424072	0.06659939140081406	0.8644863963127136	0.10396590083837509	0.7806158724514317	1	0.1455968360621489	0	0.07378729148641934	2	-4.7187893414957216e-07	0.781626284122467	0.6237471699714661	0.00242683757096529	0.6237452626228333	-0.781623899936676	-0.9999971389770508	0.0015133643755689263	-0.0018971742829307914
0.31848064064979553	-0.9964789152145386	-0.055267222225666046	0.8891288638114929	0.016157981008291245	0.6099589515291745	1	0.21869714156979453	9	0.17134390690103102	0	0.6484562158584595	0.7612518668174744	0.0	3.535672294674441e-05	-3.0117869755486026e-05	-1.0	-0.7612518668174744	0.6484562158584595	-4.644548971555196e-05
0.3982371985912323	-1.064417839050293	0.15173153579235077	0.8473942279815674	0.0	0.6014473828776732	1	0.31992666357202054	9	0.07862595355030631	0	0.6484562158584595	0.7612518668174744	0.0	3.535672658472322e-05	-3.011787157447543e-05	-1.0	-0.7612518668174744	0.6484562158584595	-4.6445493353530765e-05
0.3982371985912323	-1.064417839050293	-0.14055675268173218	0.9064971208572388	2.0940776721545262e-06	0.4716362264759993	9	0.45187097603779214	1	0.07649279748620859	0	0.6484562158584595	0.7612518668174744	0.0	3.535672658472322e-05	-3.011787157447543e-05	-1.0	-0.7612518668174744	0.6484562158584595	-4.6445493353530765e-05
0.318480521440506	-0.8265517950057983	0.06659943610429764	0.28881892561912537	0.8269637227058411	0.5543210601682115	0	0.3565376909652692	1	0.08914124886651928	9	-5.482294227476814e-07	1.0	-2.0110315864831085e-13	3.672738603199832e-05	1.9933929507054415e-11	-1.0	-1.0	-5.482294227476814e-07	-3.672738603199832e-05
0.10103639960289001	-0.8265519142150879	-0.055267222225666046	0.3134613037109375	0.870868980884552	0.785831116760093	0	0.21416888323990696	1	0.0	0	-5.482294227476814e-07	1.0	-2.0110315864831085e-13	3.672738603199832e-05	1.9933929507054415e-11	-1.0	-1.0	-5.482294227476814e-07	-3.672738603199832e-05
0.10103635489940643	-0.8265519142150879	0.06659942120313644	0.28881892561912537	0.8708680868148804	0.7823484596068021	0	0.21765154039319795	1	0.0	0	-5.482294227476814e-07	1.0	-2.0110315864831085e-13	3.672738603199832e-05	1.9933929507054415e-11	-1.0	-1.0	-5.482294227476814e-07	-3.672738603199832e-05
0.10103645920753479	-0.9964790344238281	0.06659942120313644	0.942417323589325	0.251895934343338	0.8548177793551135	1	0.14169192060443062	0	0.0034903000404559294	9	-6.852867784346017e-08	-4.206567209906302e-14	1.0	-7.843117782613263e-05	-1.0	-5.416850561851261e-12	1.0	-7.843117782613263e-05	6.852867784346017e-08
0.318480521440506	-0.8265517950057983	0.06659943610429764	0.9080579876899719	0.2957970201969147	0.5543210601682115	0	0.3565376909652692	1	0.08914124886651928	9	-6.852867784346017e-08	-4.206567209906302e-14	1.0	-7.843117055017501e-05	-1.0	-5.416850128170392e-12	1.0	-7.843117055017501e-05	6.852867784346017e-08
0.10103635489940643	-0.8265519142150879	0.06659942120313644	0.9080579876899719	0.25189322233200073	0.7823484596068021	0	0.21765154039319795	1	0.0	0	-6.852867784346017e-08	-4.206567209906302e-14	1.0	-7.843117782613263e-05	-1.0	-5.416850561851261e-12	1.0	-7.843117782613263e-05	6.852867784346017e-08
-0.33385181427001953	-0.9964793920516968	-0.05526728183031082	0.9424146413803101	0.42700624465942383	0.5899203351268996	1	0.27086343259577356	2	0.1392162322773269	0	1.3705735568692035e-07	8.413134419812604e-14	-1.0	-0.0015383660793304443	-0.9999988079071045	-2.1092816382406454e-10	-0.9999988079071045	0.0015383660793304443	-1.3705719936751848e-07
-0.11640775203704834	-0.826552152633667	-0.055267252027988434	0.9080579876899719	0.3833233416080475	0.7405657214673497	0	0.2547943292131479	1	0.004639949319502468	2	1.3705735568692035e-07	8.413134419812604e-14	-1.0	-0.0015383659629151225	-0.9999988079071045	-2.1092816382406454e-10	-0.9999988079071045	0.0015383659629151225	-1.3705719936751848e-07
-0.11640764772891998	-0.9964792728424072	-0.055267252027988434	0.9424146413803101	0.3832707405090332	0.8105748877478989	1	0.1486093003578696	0	0.040815811894231536	2	1.3705735568692035e-07	8.413134419812604e-14	-1.0	-0.0015383660793304443	-0.9999988675117493	-2.1092816382406454e-10	-0.9999988675117493	0.0015383660793304443	-1.3705719936751848e-07
0.31848064064979553	-0.9964789152145386	-0.055267222225666046	0.9669630527496338	0.24400381743907928	0.6099589515291745	1	0.21869714156979453	9	0.17134390690103102	0	1.0	7.015318033154472e-07	0.0	3.7385428086622596e-11	-5.329113992047496e-05	-1.0	-7.015318033154472e-07	1.0	-5.329113992047496e-05
0.318480521440506	-0.8265517950057983	0.06659943610429764	0.9424173831939697	0.27831289172172546	0.5543210601682115	0	0.3565376909652692	1	0.08914124886651928	9	1.0	7.015318033154472e-07	0.0	3.7385428086622596e-11	-5.329113992047496e-05	-1.0	-7.015318033154472e-07	1.0	-5.329113992047496e-05
0.31848064064979553	-0.9964789152145386	0.06659943610429764	0.9424173831939697	0.24400250613689423	0.654803609589135	1	0.17348736461218645	9	0.17170902579867853	0	1.0	7.015318033154472e-07	0.0	3.7385428086622596e-11	-5.329113992047496e-05	-1.0	-7.015318033154472e-07	1.0	-5.329113992047496e-05
0.37894609570503235	-0.856070876121521	-0.029613636434078217	0.7479363679885864	0.9775621294975281	1.0	0	0.0	0	0.0	0	0.9797550439834595	6.998326966822788e-07	-0.20019976794719696	0.20019978284835815	-7.158504740800709e-05	0.9797551035881042	-1.364564559480641e-05	-1.0	-7.027592073427513e-05
0.3648804724216461	-0.5729899406433105	-0.09844822436571121	0.7338191270828247	0.9204055666923523	1.0	0	0.0	0	0.0	0	0.9797550439834595	6.998326966822788e-07	-0.20019976794719696	0.20019979774951935	-7.158504013204947e-05	0.9797551035881042	-1.3645644685311709e-05	-1.0	-7.027591345831752e-05
0.37894588708877563	-0.5589245557785034	-0.029613621532917023	0.7479363679885864	0.9175645709037781	1.0	0	0.0	0	0.0	0	0.9797550439834595	6.998326966822788e-07	-0.20019976794719696	0.20019978284835815	-7.158504013204947e-05	0.9797551035881042	-1.3645644685311709e-05	-1.0	-7.027591345831752e-05
-0.12357054650783539	-0.842005729675293	-0.0984482541680336	0.6094996333122253	0.42537662386894226	1.0	0	0.0	0	0.0	0	1.2202784205328499e-07	8.111161753105584e-14	-1.0	0.001538243144750595	0.9999988675117493	1.877893673896125e-10	0.9999988675117493	-0.001538243144750595	1.2202769994473783e-07
-0.3677963316440582	-0.5729904174804688	-0.09844828397035599	0.6638904809951782	0.37617120146751404	1.0	0	0.0	0	0.0	0	1.2202784205328499e-07	8.111161753105584e-14	-1.0	0.0015382430283352733	0.9999988675117493	1.877893673896125e-10	0.9999988675117493	-0.0015382430283352733	1.2202769994473783e-07
-0.12357072532176971	-0.5729902982711792	-0.0984482541680336	0.6638904213905334	0.42529335618019104	1.0	0	0.0	0	0.0	0	1.2202784205328499e-07	8.111161753105584e-14	-1.0	0.0015382430283352733	0.9999988675117493	1.8778933963403688e-10	0.9999988675117493	-0.0015382430283352733	1.2202769994473783e-07
-0.38186147809028625	-0.8560713529586792	0.04336004704236984	0.9194689989089966	0.9121325016021729	1.0	0	0.0	0	0.0	0	-0.9797552227973938	-8.727002978048404e-07	0.20019957423210144	0.20019951462745667	-0.00046132734860293567	0.9797549843788147	9.150250116363168e-05	0.9999998807907104	0.0004521625814959407
-0.3677963316440582	-0.5729904174804688	0.11219460517168045	0.9334272146224976	0.9692964553833008	1.0	0	0.0	0	0.0	0	-0.9797552227973938	-8.727002978048404e-07	0.20019957423210144	0.20019951462745667	-0.0004613273194991052	0.9797549843788147	9.150249388767406e-05	0.9999998807907104	0.00045216255239211023
-0.38186174631118774	-0.5589250326156616	0.04336003214120865	0.9194689989089966	0.9721298813819885	1.0	0	0.0	0	0.0	0	-0.9797552227973938	-8.727002978048404e-07	0.20019957423210144	0.20019951462745667	-0.00046132734860293567	0.9797549843788147	9.150250116363168e-05	0.9999998807907104	0.0004521625814959407
0.12065505981445312	-0.842005729675293	0.11219464242458344	0.6094995737075806	0.6010640263557434	1.0	0	0.0	0	0.0	0	-1.2202784205328499e-07	-8.111155654468363e-14	1.0	7.834501593606547e-05	1.0	9.641384912661977e-12	-1.0	7.834501593606547e-05	-1.2202784205328499e-07
0.3648804724216461	-0.5729899406433105	0.11219467222690582	0.6638946533203125	0.5517570972442627	1.0	0	0.0	0	0.0	0	-1.2202784205328499e-07	-8.111155654468363e-14	1.0	7.834500866010785e-05	1.0	9.641384045300239e-12	-1.0	7.834500866010785e-05	-1.2202784205328499e-07
0.1206548810005188	-0.5729900598526001	0.11219464242458344	0.6638946533203125	0.6010683178901672	1.0	0	0.0	0	0.0	0	-1.2202784205328499e-07	-8.111155654468363e-14	1.0	7.834500866010785e-05	1.0	9.641384045300239e-12	-1.0	7.834500866010785e-05	-1.2202784205328499e-07
-0.18436430394649506	-0.6319022178649902	0.05353318899869919	0.8260757923126221	0.9576982259750366	1.0	0	0.0	0	0.0	0	-3.011756462001358e-07	0.7055988311767578	-0.7086114883422852	0.0027008887846022844	0.7086089253425598	0.7055962681770325	0.9999963045120239	-0.0019136682385578752	-0.0019059572368860245
-0.3677963316440582	-0.5729904174804688	0.11219460517168045	0.8380433917045593	0.9206159114837646	1.0	0	0.0	0	0.0	0	-3.011756462001358e-07	0.7055988311767578	-0.7086114883422852	0.0027008887846022844	0.7086089253425598	0.7055962681770325	0.9999963045120239	-0.0019136682385578752	-0.0019059572368860245
-0.12357074022293091	-0.5729902982711792	0.11219462007284164	0.8380433917045593	0.9699277877807617	1.0	0	0.0	0	0.0	0	-3.011756462001358e-07	0.7055988311767578	-0.7086114883422852	0.002700889017432928	0.7086089253425598	0.7055963277816772	0.9999963641166687	-0.0019136684713885188	-0.0019059574697166681
0.12065508961677551	-0.871870756149292	0.04464779049158096	0.7162585854530334	0.7642207741737366	1.0	0	0.0	0	0.0	0	8.43501197778096e-07	-0.9145928025245667	0.40437620878219604	1.9581730157369748e-05	0.40437617897987366	0.9145927429199219	-1.0	7.146924417611444e-06	1.825039907998871e-05
0.36488065123558044	-0.8420054912567139	0.11219467222690582	0.7298648953437805	0.7149088978767395	1.0	0	0.0	0	0.0	0	8.43501197778096e-07	-0.9145928025245667	0.40437620878219604	1.9581730157369748e-05	0.40437617897987366	0.9145927429199219	-1.0	7.146924417611444e-06	1.825039907998871e-05
0.12065505981445312	-0.842005729675293	0.11219464242458344	0.7298648953437805	0.7642210721969604	1.0	0	0.0	0	0.0	0	8.43501197778096e-07	-0.9145928025245667	0.40437620878219604	1.9581730157369748e-05	0.40437617897987366	0.9145927429199219	-1.0	7.146924417611444e-06	1.825039907998871e-05
0.8696749210357666	-1.6240270137786865	0.32129767537117004	0.4969542324542999	0.4293082058429718	0.9584375148274984	9	0.04156248517250163	10	0.0	0	0.16194023191928864	-0.9868005514144897	5.3228536245342184e-08	3.2497413826604316e-07	1.072708428750957e-07	1.0	-0.9868005514144897	-0.16194023191928864	3.3805611110437894e-07
0.2134115844964981	-1.7317240238189697	-0.10531920939683914	0.4108772277832031	0.5618149638175964	0.7397774246590754	9	0.26022257534092463	16	0.0	0	0.16194023191928864	-0.9868005514144897	5.3228536245342184e-08	3.2497413826604316e-07	1.072708428750957e-07	1.0	-0.9868005514144897	-0.16194023191928864	3.3805611110437894e-07
0.8696751594543457	-1.6240270137786865	-0.3101218044757843	0.36927610635757446	0.42930811643600464	0.9613850902611468	9	0.038614909738853204	10	0.0	0	0.16194023191928864	-0.9868005514144897	5.3228536245342184e-08	3.2497413826604316e-07	1.072708428750957e-07	1.0	-0.9868005514144897	-0.16194023191928864	3.3805611110437894e-07
-0.3006764054298401	-1.6240277290344238	0.3212975561618805	0.4969542622566223	0.6656168699264526	0.8549563278161656	2	0.14504367218383443	16	0.0	0	-0.1789586842060089	-0.897741973400116	0.40253347158432007	1.8355383872403763e-05	0.4091353118419647	0.912473738193512	-0.9838566184043884	0.1633024960756302	-0.07320183515548706
-0.2246682345867157	-1.738185167312622	0.10049209743738174	0.4525052607059479	0.6502687931060791	0.6747544114861354	2	0.32524558851386465	16	0.0	0	-0.1789586842060089	-0.897741973400116	0.40253347158432007	1.836071714933496e-05	0.4091353118419647	0.912473738193512	-0.9838566184043884	0.163302481174469	-0.07320183515548706
-0.08602800220251083	-1.750464677810669	0.13474276661872864	0.4594525098800659	0.6222754120826721	0.7917033317625621	16	0.15261292858879835	2	0.05568373964863956	9	-0.1789586842060089	-0.897741973400116	0.40253347158432007	1.836071714933496e-05	0.4091353118419647	0.912473738193512	-0.9838566184043884	0.1633024960756302	-0.07320183515548706
0.28449931740760803	-1.6240272521972656	-0.3101218044757843	0.36927613615989685	0.547462522983551	0.8504135260336523	9	0.1143080838311259	16	0.03527839013522184	1	-0.016898097470402718	-0.8825312852859497	-0.4699501693248749	-2.304190093127545e-05	-0.4700169265270233	0.8826574683189392	-0.9998571872711182	0.014926058240234852	0.007922055199742317
0.2134115844964981	-1.7317240238189697	-0.10531920939683914	0.4108772277832031	0.5618149638175964	0.7397774246590754	9	0.26022257534092463	16	0.0	0	-0.016898097470402718	-0.8825312852859497	-0.4699501693248749	-2.3041897293296643e-05	-0.4700168967247009	0.8826574087142944	-0.9998571872711182	0.014926057308912277	0.007922055199742317
0.041739825159311295	-1.740342617034912	-0.0829612985253334	0.4154132604598999	0.5964775681495667	0.9520281746495617	16	0.046195742002804754	9	0.0017760833476335152	2	-0.016898097470402718	-0.8825312852859497	-0.4699501693248749	-2.304240297235083e-05	-0.4700169265270233	0.8826574683189392	-0.9998572468757629	0.014926059171557426	0.007922055199742317
0.1095583587884903	-1.814554214477539	-0.18702825903892517	0.6221312880516052	0.8433173298835754	0.8818881103774495	16	0.11811188962255044	9	0.0	0	0.19417881965637207	0.44265708327293396	-0.8754137754440308	-0.9757611155509949	-0.004650661256164312	-0.21878886222839355	-0.100919708609581	0.8966789841651917	0.43102455139160156
0.027253400534391403	-2.0320589542388916	-0.3152669370174408	0.6364066004753113	0.7998720407485962	1.0	16	0.0	0	0.0	0	0.19417881965637207	0.44265708327293396	-0.8754137754440308	-0.9757611751556396	-0.004650668241083622	-0.21878887712955475	-0.1009197011590004	0.8966789245605469	0.4310245215892792
0.01857665553689003	-1.8145544528961182	-0.20720937848091125	0.640100359916687	0.8434040546417236	0.9417107723337673	16	0.04581254744493624	9	0.012476680221296475	2	0.19417881965637207	0.44265708327293396	-0.8754137754440308	-0.9757611751556396	-0.004650668241083622	-0.21878887712955475	-0.1009197011590004	0.8966789245605469	0.4310245215892792
0.027253616601228714	-2.2991275787353516	-0.31526699662208557	0.6363704204559326	0.745955765247345	1.0	16	0.0	0	0.0	0	-0.08162909001111984	-0.6270865201950073	-0.7746607065200806	-0.9945739507675171	0.0009575382573530078	0.10402709990739822	-0.06449223309755325	0.7789490818977356	-0.6237621307373047
0.10769622027873993	-2.4516828060150146	-0.20025035738945007	0.6221857070922852	0.7147395014762878	1.0	16	0.0	0	0.0	0	-0.08162909001111984	-0.6270865201950073	-0.7746607065200806	-0.9945740103721619	0.0009575383737683296	0.10402710735797882	-0.06449223309755325	0.7789490818977356	-0.6237620711326599
0.016865521669387817	-2.4646289348602295	-0.1801992952823639	0.6408361792564392	0.7120711803436279	1.0	16	0.0	0	0.0	0	-0.08162909001111984	-0.6270865201950073	-0.7746607065200806	-0.9945740699768066	0.0009575337753631175	0.10402711480855942	-0.06449222564697266	0.7789490222930908	-0.6237620711326599
0.029299844056367874	-2.1698381900787354	-0.33068540692329407	0.6357022523880005	0.7721107602119446	1.0	16	0.0	0	0.0	0	0.2471587359905243	-0.11859805136919022	-0.9616897106170654	-0.9686655402183533	-0.005157070234417915	-0.24831557273864746	0.024490242823958397	0.9929290413856506	-0.11615645885467529
0.15430916845798492	-2.2991275787353516	-0.2826131284236908	0.6113560199737549	0.7458189129829407	1.0	16	0.0	0	0.0	0	0.2471587359905243	-0.11859805136919022	-0.9616897106170654	-0.9686655402183533	-0.005157070234417915	-0.24831557273864746	0.024490242823958397	0.9929290413856506	-0.11615645885467529
0.027253616601228714	-2.2991275787353516	-0.31526699662208557	0.6363704204559326	0.745955765247345	1.0	16	0.0	0	0.0	0	0.2471587359905243	-0.11859805136919022	-0.9616897106170654	-0.9686654806137085	-0.005157070234417915	-0.24831555783748627	0.0244902390986681	0.9929289817810059	-0.1161564514040947
0.3194591701030731	-2.1698381900787354	-0.04718077927827835	0.29613468050956726	0.5975028276443481	1.0	16	0.0	0	0.0	0	0.8419337868690491	-0.11578470468521118	-0.5270118117332458	-0.4598214328289032	0.357096791267395	-0.8130473494529724	0.28233271837234497	0.926863431930542	0.2474115788936615
0.15430916845798492	-2.2991275787353516	-0.2826131284236908	0.3324812352657318	0.5539507865905762	1.0	16	0.0	0	0.0	0	0.8419337868690491	-0.11578470468521118	-0.5270118117332458	-0.4598214626312256	0.357096791267395	-0.8130474090576172	0.2823326885700226	0.926863431930542	0.2474115490913391
0.1622241586446762	-2.1698381900787354	-0.29837337136268616	0.3453909754753113	0.5768536925315857	1.0	16	0.0	0	0.0	0	0.8419337868690491	-0.11578470468521118	-0.5270118117332458	-0.4598214626312256	0.357096791267395	-0.8130474090576172	0.2823326885700226	0.926863431930542	0.2474115490913391
0.1095583587884903	-1.814554214477539	-0.18702825903892517	0.3533720374107361	0.6512947082519531	0.8818881103774495	16	0.11811188962255044	9	0.0	0	0.7857456207275391	0.3771251142024994	-0.4902859628200531	-0.6080556511878967	0.3255489766597748	-0.7240761518478394	-0.11345522105693817	0.8670608401298523	0.4851117730140686
0.3018527925014496	-2.0320589542388916	-0.04615537077188492	0.30701279640197754	0.6231119632720947	0.9646437131520025	16	0.03535628684799749	9	0.0	0	0.7857456207275391	0.3771251142024994	-0.4902859628200531	-0.6080556511878967	0.3255489468574524	-0.7240760922431946	-0.11345520615577698	0.8670607805252075	0.48511171340942383
0.1543089598417282	-2.0320589542388916	-0.2826131284236908	0.3533720374107361	0.6036773324012756	0.9971343798473903	16	0.002865620152609758	9	0.0	0	0.7857456207275391	0.3771251142024994	-0.4902859628200531	-0.6080556511878967	0.3255489766597748	-0.7240761518478394	-0.11345522105693817	0.8670608401298523	0.4851117730140686
0.3018530309200287	-2.2991275787353516	-0.04615531116724014	0.28612199425697327	0.5733853578567505	1.0	16	0.0	0	0.0	0	0.7449308633804321	-0.47856220602989197	-0.46481853723526	-0.3037354350090027	0.37704989314079285	-0.8749731779098511	0.5939888954162598	0.7929763793945312	0.1355198323726654
0.10769622027873993	-2.4516828060150146	-0.20025035738945007	0.3060207962989807	0.5316234827041626	1.0	16	0.0	0	0.0	0	0.7449308633804321	-0.47856220602989197	-0.46481853723526	-0.3037354648113251	0.37704992294311523	-0.8749732375144958	0.5939888954162598	0.7929764986038208	0.1355198174715042
0.15430916845798492	-2.2991275787353516	-0.2826131284236908	0.3324812352657318	0.5539507865905762	1.0	16	0.0	0	0.0	0	0.7449308633804321	-0.47856220602989197	-0.46481853723526	-0.3037354648113251	0.3770499527454376	-0.8749732971191406	0.593988835811615	0.792976438999176	0.13551980257034302
0.2261807769536972	-2.1698381900787354	0.281115859746933	0.23669971525669098	0.6223811507225037	1.0	16	0.0	0	0.0	0	0.9150177836418152	-0.18938128650188446	0.3561982810497284	0.40143293142318726	0.34005632996559143	-0.8504195213317871	0.03992605581879616	0.9211386442184448	0.3871814012527466
0.25865551829338074	-2.2991275787353516	0.12895354628562927	0.25431180000305176	0.5867013931274414	1.0	16	0.0	0	0.0	0	0.9150177836418152	-0.18938128650188446	0.3561982810497284	0.40143293142318726	0.34005632996559143	-0.8504195213317871	0.03992605581879616	0.9211386442184448	0.3871814012527466
0.28274616599082947	-2.1698381900787354	0.13580821454524994	0.26275360584259033	0.6114776134490967	1.0	16	0.0	0	0.0	0	0.9150177836418152	-0.18938128650188446	0.3561982810497284	0.40143293142318726	0.34005632996559143	-0.8504195213317871	0.03992605581879616	0.9211386442184448	0.3871814012527466
0.11386048793792725	-1.8307135105133057	0.19025082886219025	0.28196150064468384	0.677663266658783	0.8707910740802937	16	0.1292089259197063	9	0.0	0	0.763748049736023	0.39344078302383423	0.5117552280426025	0.39557182788848877	0.3412284851074219	-0.852693498134613	-0.5101097822189331	0.853678822517395	0.10497848689556122
0.25865527987480164	-2.0320589542388916	0.1289534866809845	0.2752026319503784	0.6364279985427856	0.9797036327007755	16	0.020296367299224405	9	0.0	0	0.763748049736023	0.39344078302383423	0.5117552280426025	0.3955717384815216	0.3412284851074219	-0.8526934385299683	-0.5101098418235779	0.853678822517395	0.1049785315990448
0.18131227791309357	-1.8313965797424316	0.09011032432317734	0.2993926405906677	0.6702227592468262	0.8622347147530737	16	0.13776528524692636	9	0.0	0	0.763748049736023	0.39344078302383423	0.5117552280426025	0.395571768283844	0.3412284851074219	-0.8526934385299683	-0.5101098418235779	0.8536788821220398	0.1049785166978836
0.25865551829338074	-2.2991275787353516	0.12895354628562927	0.25431180000305176	0.5867013931274414	1.0	16	0.0	0	0.0	0	0.7367721796035767	-0.4917007386684418	0.46410900354385376	0.6374611854553223	0.27630794048309326	-0.7192336916923523	0.22541074454784393	0.8257628679275513	0.5170161724090576
0.1206851452589035	-2.4516828060150146	0.18635645508766174	0.2339981347322464	0.5617877840995789	1.0	16	0.0	0	0.0	0	0.7367721796035767	-0.4917007386684418	0.46410900354385376	0.6374611854553223	0.27630794048309326	-0.7192336916923523	0.22541072964668274	0.8257628679275513	0.5170161724090576
0.181312695145607	-2.4516828060150146	0.09011033922433853	0.2508721947669983	0.5547291040420532	1.0	16	0.0	0	0.0	0	0.7367721796035767	-0.4917007386684418	0.46410900354385376	0.6374611854553223	0.2763079106807709	-0.7192337512969971	0.22541077435016632	0.8257628679275513	0.5170161128044128
-0.0642605796456337	-2.1698381900787354	0.3239423632621765	0.2586402893066406	0.7637957334518433	1.0	16	0.0	0	0.0	0	-0.19516845047473907	-0.10963684320449829	0.9746225476264954	0.9199973344802856	0.3239006996154785	0.2206658273935318	-0.3398740291595459	0.9397171139717102	0.03765040263533592
-0.17918317019939423	-2.2991278171539307	0.28638508915901184	0.22815439105033875	0.7468850016593933	1.0	16	0.0	0	0.0	0	-0.19516845047473907	-0.10963684320449829	0.9746225476264954	0.9199973344802856	0.3239007294178009	0.220665842294693	-0.3398740589618683	0.9397171139717102	0.037650395184755325
-0.054269809275865555	-2.2972731590270996	0.3116076588630676	0.2520698010921478	0.738865852355957	1.0	16	0.0	0	0.0	0	-0.19516845047473907	-0.10963684320449829	0.9746225476264954	0.9199972748756409	0.32390066981315613	0.2206658124923706	-0.3398739993572235	0.9397170543670654	0.03765040636062622
0.059852998703718185	-1.832448959350586	0.4055810868740082	0.24272362887859344	0.6937084794044495	0.9403003635281946	16	0.05046848841476455	9	0.009231148057040924	2	0.892773449420929	0.38910403847694397	0.22705458104610443	0.06769467890262604	0.3824094235897064	-0.9215099811553955	-0.4453909993171692	0.8380699157714844	0.3150646388530731
0.17495788633823395	-2.023332118988037	0.280108243227005	0.24919401109218597	0.6492197513580322	0.9885371296346513	16	0.01146287036534867	9	0.0	0	0.892773449420929	0.38910403847694397	0.22705458104610443	0.06769469380378723	0.38240939378738403	-0.9215099215507507	-0.4453910291194916	0.8380699157714844	0.3150646686553955
0.11386048793792725	-1.8307135105133057	0.19025082886219025	0.28196150064468384	0.677663266658783	0.8707910740802937	16	0.1292089259197063	9	0.0	0	0.892773449420929	0.38910403847694397	0.22705458104610443	0.06769470125436783	0.38240933418273926	-0.9215099215507507	-0.4453910291194916	0.8380699753761292	0.31506460905075073
-0.054269809275865555	-2.2972731590270996	0.3116076588630676	0.2520698010921478	0.738865852355957	1.0	16	0.0	0	0.0	0	0.1794613003730774	-0.6265661716461182	0.7584250569343567	0.9426392912864685	0.3300988972187042	0.04965754970908165	-0.2814690172672272	0.7060096263885498	0.6498658657073975
-0.1243601143360138	-2.4516828060150146	0.20062851905822754	0.22861604392528534	0.7143200635910034	1.0	16	0.0	0	0.0	0	0.1794613003730774	-0.6265661716461182	0.7584250569343567	0.9426393508911133	0.3300988972187042	0.04965754970908165	-0.2814689874649048	0.7060096263885498	0.6498658657073975
-0.04398317262530327	-2.4721710681915283	0.1646832376718521	0.242665097117424	0.7051275372505188	1.0	16	0.0	0	0.0	0	0.1794613003730774	-0.6265661716461182	0.7584250569343567	0.9426392912864685	0.3300988972187042	0.04965754970908165	-0.2814690172672272	0.7060096263885498	0.6498658657073975
-0.2912646234035492	-2.1698386669158936	0.16802364587783813	0.26330962777137756	0.4523249864578247	1.0	16	0.0	0	0.0	0	-0.9199237823486328	-0.18744942545890808	0.34438782930374146	-0.39008474349975586	0.34865275025367737	-0.8522177934646606	0.03967597335577011	-0.9183158874511719	-0.39385512471199036
-0.3312958776950836	-2.2991280555725098	-0.009279169142246246	0.2868085503578186	0.49002712965011597	1.0	16	0.0	0	0.0	0	-0.9199237823486328	-0.18744942545890808	0.34438782930374146	-0.39008471369743347	0.34865275025367737	-0.8522177934646606	0.03967597335577011	-0.9183158278465271	-0.39385512471199036
-0.2680617868900299	-2.2991280555725098	0.15963082015514374	0.25500211119651794	0.4771183133125305	1.0	16	0.0	0	0.0	0	-0.9199237823486328	-0.18744942545890808	0.34438782930374146	-0.39008477330207825	0.34865278005599976	-0.8522178530693054	0.039675962179899216	-0.9183158874511719	-0.39385518431663513
-0.19575144350528717	-1.8313970565795898	0.11207149177789688	0.29927322268486023	0.39309409260749817	0.8279264092900546	16	0.17207359070994546	2	0.0	0	-0.8632792234420776	0.3876882493495941	0.3231821060180664	-0.17475390434265137	0.3711189925670624	-0.9119932651519775	-0.47350814938545227	-0.8437823057174683	-0.2526293098926544
-0.33129599690437317	-2.03205943107605	-0.009279139339923859	0.307099848985672	0.4400538206100464	0.9455668723487962	16	0.054433127651203825	2	0.0	0	-0.8632792234420776	0.3876882493495941	0.3231821060180664	-0.17475391924381256	0.3711189925670624	-0.9119933843612671	-0.47350814938545227	-0.8437823057174683	-0.2526293098926544
-0.26806190609931946	-2.03205943107605	0.15963083505630493	0.27529338002204895	0.42714500427246094	0.9550921353836755	16	0.044907864616324455	2	0.0	0	-0.8632792234420776	0.3876882493495941	0.3231821060180664	-0.17475391924381256	0.37111902236938477	-0.9119933247566223	-0.4735081195831299	-0.8437822461128235	-0.2526293098926544
-0.2680617868900299	-2.2991280555725098	0.15963082015514374	0.25500211119651794	0.4771183133125305	1.0	16	0.0	0	0.0	0	-0.8305273056030273	-0.4811410903930664	0.2805844247341156	-0.46993178129196167	0.33490678668022156	-0.8167017102241516	0.29897910356521606	-0.8101485967636108	-0.5042526721954346
-0.2374049574136734	-2.4516830444335938	-0.011223770678043365	0.2753511667251587	0.5185765027999878	1.0	16	0.0	0	0.0	0	-0.8305273056030273	-0.4811410903930664	0.2805844247341156	-0.46993178129196167	0.33490678668022156	-0.8167017102241516	0.29897910356521606	-0.8101485967636108	-0.5042526721954346
-0.19575102627277374	-2.4516830444335938	0.11207148432731628	0.2521452307701111	0.5091606974601746	1.0	16	0.0	0	0.0	0	-0.8305273056030273	-0.4811410903930664	0.2805844247341156	-0.46993178129196167	0.33490675687789917	-0.8167017102241516	0.29897913336753845	-0.8101485967636108	-0.5042526721954346
-0.34890225529670715	-2.1698386669158936	-0.008253701031208038	0.2964828312397003	0.4657840132713318	1.0	16	0.0	0	0.0	0	-0.8976964354515076	-0.11888138949871063	-0.424273818731308	0.3626517653465271	0.3475427031517029	-0.8646952509880066	0.250249445438385	-0.9300974607467651	-0.2688753008842468
-0.21220026910305023	-2.2991280555725098	-0.26126667857170105	0.33373382687568665	0.5089578628540039	1.0	16	0.0	0	0.0	0	-0.8976964354515076	-0.11888138949871063	-0.424273818731308	0.3626517653465271	0.3475427031517029	-0.8646952509880066	0.250249445438385	-0.9300975203514099	-0.2688753008842468
-0.3312958776950836	-2.2991280555725098	-0.009279169142246246	0.2868085503578186	0.49002712965011597	1.0	16	0.0	0	0.0	0	-0.8976964354515076	-0.11888138949871063	-0.424273818731308	0.3626517653465271	0.3475426733493805	-0.8646951913833618	0.250249445438385	-0.9300974607467651	-0.26887527108192444
-0.04398317262530327	-2.4721710681915283	0.1646832376718521	0.9806168079376221	0.9808756709098816	1.0	16	0.0	0	0.0	0	-0.18215492367744446	-0.9722423553466797	0.1468481868505478	0.9795598983764648	-0.19239379465579987	-0.058711908757686615	0.08533487468957901	0.13315191864967346	0.9874150156974792
-0.1243601143360138	-2.4516828060150146	0.20062851905822754	0.9639701247215271	0.9871416687965393	1.0	16	0.0	0	0.0	0	-0.18215492367744446	-0.9722423553466797	0.1468481868505478	0.9795598983764648	-0.19239379465579987	-0.05871191248297691	0.0853348821401596	0.13315191864967346	0.9874150156974792
