5792	1936	17
-0.21736128628253937	2.072775363922119	0.1984952986240387	0.772497832775116	0.2946126163005829	0.6640203138838612	1	0.2618044293707622	9	0.0741752567453766	2	-6.931108600838343e-06	-0.2381422072649002	0.9712303280830383	-0.0014610601356253028	0.9712293148040771	0.2381419539451599	-0.999998927116394	-0.0014173752861097455	-0.0003546717343851924
-0.4140216112136841	1.88206148147583	0.15173153579235077	0.733819305896759	0.3343779146671295	0.6014473828776732	1	0.31992666357202054	9	0.07862595355030631	0	-6.931108600838343e-06	-0.2381422072649002	0.9712303280830383	-0.0014610602520406246	0.9712293148040771	0.2381419539451599	-0.999998927116394	-0.0014173754025250673	-0.00035467176348902285
-0.143137589097023	1.8820606470108032	0.15173326432704926	0.7338191270828247	0.2796841561794281	0.870888282908959	1	0.07182898278769999	9	0.05728273430334098	0	-6.931108600838343e-06	-0.2381422072649002	0.9712303280830383	-0.0014610602520406246	0.9712292551994324	0.23814193904399872	-0.9999989867210388	-0.0014173755189403892	-0.0003546717925928533
0.8700678944587708	2.441671133041382	0.3212975561618805	0.4969542920589447	0.783771276473999	1.0	2	0.0	0	0.0	0	0.17759977281093597	0.9838301539421082	-0.023163355886936188	2.698205321394198e-07	0.023537488654255867	0.999722957611084	0.9841027855873108	-0.1775505691766739	0.004179987125098705
0.21804560720920563	2.549368143081665	-0.10366004705429077	0.4112127423286438	0.6521186828613281	0.5434845506933438	2	0.4565154493066562	16	0.0	0	0.17759977281093597	0.9838301539421082	-0.023163355886936188	2.698205321394198e-07	0.023537488654255867	0.999722957611084	0.9841027855873108	-0.1775505691766739	0.004179987125098705
0.20888391137123108	2.55582857131958	0.10049209743738174	0.4525052607059479	0.6502687931060791	0.6747544114861354	2	0.32524558851386465	16	0.0	0	0.17759977281093597	0.9838301539421082	-0.023163355886936188	2.701513324154803e-07	0.023537488654255867	0.999722957611084	0.9841027855873108	-0.1775505691766739	0.004179986659437418
-0.30028361082077026	2.331571340560913	-0.3858993351459503	0.5869713425636292	0.5608084797859192	0.8441525280690197	9	0.09819961323691118	1	0.05764785869406912	16	-0.010632695630192757	-0.5279627442359924	-0.849200963973999	0.04777161031961441	0.8480111360549927	-0.5278211236000061	0.9988017082214355	-0.04617985710501671	0.016204984858632088
-0.8854589462280273	2.2214717864990234	-0.31012168526649475	0.5649787783622742	0.44448545575141907	1.0	9	0.0	0	0.0	0	-0.010632695630192757	-0.5279627442359924	-0.849200963973999	0.047771602869033813	0.8480110764503479	-0.5278211236000061	0.9988017082214355	-0.04617985337972641	0.01620498299598694
-0.9559605121612549	2.331571102142334	-0.37768957018852234	0.5870003700256348	0.4290746748447418	0.9816922035012016	9	0.018307796498798438	10	0.0	0	-0.010632695630192757	-0.5279627442359924	-0.849200963973999	0.047771602869033813	0.8480110764503479	-0.5278211236000061	0.9988017082214355	-0.04617985337972641	0.01620498299598694
0.9405702352523804	2.3315720558166504	0.3888663351535797	0.22296015918254852	0.7529031038284302	1.0	2	0.0	0	0.0	0	0.8421358466148376	-0.539265513420105	-1.301017249488723e-07	0.5392499566078186	0.8421115875244141	0.0075887348502874374	-0.004092233255505562	-0.006390815135091543	0.9999711513519287
0.870067834854126	2.221473217010498	-0.3101220428943634	0.2006613165140152	0.6119829416275024	1.0	2	0.0	0	0.0	0	0.8421358466148376	-0.539265513420105	-1.301017249488723e-07	0.5392500162124634	0.8421116471290588	0.0075887348502874374	-0.004092233255505562	-0.006390815135091543	0.9999712109565735
0.9405701160430908	2.3315720558166504	-0.37769076228141785	0.22296012938022614	0.5981410145759583	0.9602296553435744	2	0.03977034465642557	3	0.0	0	0.8421358466148376	-0.539265513420105	-1.301017249488723e-07	0.5392500162124634	0.8421116471290588	0.007588735315948725	-0.004092233255505562	-0.0063908156007528305	0.9999712109565735
0.28489214181900024	2.3315718173980713	0.3970750868320465	0.825319766998291	0.19294865429401398	0.8875307657829598	2	0.07349241051775166	16	0.03897682369928862	1	0.010631712153553963	-0.5279670357704163	0.8491983413696289	-0.003342348849400878	0.8492228388786316	0.5280241370201111	-0.9999379515647888	-0.008452117443084717	0.007264042738825083
0.870067834854126	2.22147274017334	0.32129761576652527	0.8028694987297058	0.07489383220672607	1.0	2	0.0	0	0.0	0	0.010631712153553963	-0.5279670357704163	0.8491983413696289	-0.0033423486165702343	0.8492228984832764	0.5280241370201111	-0.999937891960144	-0.008452116511762142	0.0072640422731637955
0.9405702352523804	2.3315720558166504	0.3888663351535797	0.8252993822097778	0.06057247519493103	1.0	2	0.0	0	0.0	0	0.010631712153553963	-0.5279670357704163	0.8491983413696289	-0.003342348150908947	0.8492227792739868	0.5280241370201111	-0.999937891960144	-0.008452117443084717	0.0072640422731637955
0.3180674612522125	1.8141229152679443	0.06659937649965286	0.9424146413803101	0.4102846682071686	0.5835195224770057	1	0.28842937078685604	2	0.12805110673613837	0	1.0	3.507659016577236e-07	0.0	-1.2484473524421169e-11	3.5592038329923525e-05	-1.0	-3.507659016577236e-07	1.0	3.5592038329923525e-05
0.3180675208568573	1.644195795059204	-0.05526727810502052	0.9670555591583252	0.37597349286079407	0.4345346767231258	0	0.4280210404649629	1	0.1374442828119113	2	1.0	3.507659016577236e-07	0.0	-1.2570664127686815e-11	3.583775833249092e-05	-1.0	-3.507659016577236e-07	1.0	3.583775833249092e-05
0.3180674612522125	1.8141229152679443	-0.05526727810502052	0.9670555591583252	0.41028380393981934	0.5899203351268996	1	0.27086343259577356	2	0.1392162322773269	0	1.0	3.507659016577236e-07	0.0	-1.2320223834183519e-11	3.512377952574752e-05	-1.0	-3.507659016577236e-07	1.0	3.512377952574752e-05
0.20195044577121735	2.0728373527526855	-0.18721148371696472	0.5353614687919617	0.6654232740402222	0.660946198600143	1	0.30837878464518337	2	0.030675016754673583	9	-2.149045030819252e-06	-0.23754742741584778	-0.9713759422302246	0.022400710731744766	0.971132218837738	-0.23748786747455597	0.9997490644454956	-0.02176002226769924	0.005319144111126661
0.39863061904907227	1.8820617198944092	-0.14055824279785156	0.49695441126823425	0.7058675289154053	0.5451434189232642	2	0.3909146747770995	1	0.0639419062996363	0	-2.149045030819252e-06	-0.23754742741584778	-0.9713759422302246	0.022400712594389915	0.9711321592330933	-0.23748785257339478	0.9997491240501404	-0.02176002599298954	0.005319145042449236
0.12774644792079926	1.8820611238479614	-0.14055749773979187	0.4969542920589447	0.6513833999633789	0.8437594758047724	1	0.09776888815912131	2	0.058471636036106285	0	-2.149045030819252e-06	-0.23754742741584778	-0.9713759422302246	0.022400712594389915	0.971132218837738	-0.23748786747455597	0.9997490644454956	-0.02176002413034439	0.005319144576787949
-0.6221926212310791	2.1061439514160156	-0.1930845081806183	0.9877040386199951	0.24400250613689423	0.8579817644547875	9	0.14201823554521253	1	0.0	0	-0.7325644493103027	-0.6806977391242981	-9.787311864783987e-05	-0.6794408559799194	0.731220543384552	-0.060634881258010864	0.041345592588186264	-0.0443524569272995	-0.9981600046157837
-0.4140216112136841	1.88206148147583	0.15173153579235077	0.9424230456352234	0.17839190363883972	0.6014473828776732	1	0.31992666357202054	9	0.07862595355030631	0	-0.7325644493103027	-0.6806977391242981	-9.787311864783987e-05	-0.6794409155845642	0.7312206029891968	-0.06063488498330116	0.041345592588186264	-0.0443524569272995	-0.9981600046157837
-0.6222102642059326	2.1061058044433594	0.20428797602653503	0.9877040386199951	0.16408562660217285	0.8778754011794552	9	0.12212459882054488	1	0.0	0	-0.7325644493103027	-0.6806977391242981	-9.787311864783987e-05	-0.6794408559799194	0.731220543384552	-0.060634881258010864	0.041345592588186264	-0.0443524569272995	-0.9981600046157837
0.6067099571228027	2.1063404083251953	-0.1929488480091095	0.9878695011138916	0.29579973220825195	0.9164502983504103	2	0.08354970164958976	1	0.0	0	0.7330858707427979	-0.6801360845565796	0.0	0.6801042556762695	0.733051598072052	0.009674537926912308	-0.006580002140253782	-0.007092267274856567	0.9999532103538513
0.39863061904907227	1.8820617198944092	0.1517314314842224	0.942422091960907	0.3659856617450714	0.5598609322171247	2	0.3814084136965976	1	0.05873065408627769	0	0.7330858707427979	-0.6801360845565796	0.0	0.6801042556762695	0.733051598072052	0.009674537926912308	-0.006580002140253782	-0.007092267274856567	0.9999532103538513
0.39863061904907227	1.8820617198944092	-0.14055824279785156	0.9424146413803101	0.3069745898246765	0.5451434189232642	2	0.3909146747770995	1	0.0639419062996363	0	0.7330858707427979	-0.6801360845565796	0.0	0.6801042556762695	0.733051598072052	0.009674537926912308	-0.006580002140253782	-0.00709226680919528	0.9999531507492065
-0.3342650532722473	1.8141224384307861	-0.05526721850037575	0.8891288638114929	0.016157981008291245	0.6099589515291745	1	0.21869714156979453	9	0.17134390690103102	0	4.32068560485277e-07	-0.7821807861328125	-0.623051643371582	0.0023686622735112906	0.6230498552322388	-0.782178521156311	0.9999972581863403	-0.0014754610601812601	0.0018529911758378148
-0.1431376188993454	1.8820611238479614	-0.14055749773979187	0.9064971804618835	0.05469658598303795	0.8386676236040265	1	0.10433366196514142	9	0.056998714430832105	0	4.32068560485277e-07	-0.7821807861328125	-0.623051643371582	0.0023686622735112906	0.6230498552322388	-0.782178521156311	0.9999972581863403	-0.0014754610601812601	0.0018529911758378148
-0.11682090163230896	1.8141225576400757	-0.05526721850037575	0.8891288042068481	0.06006237491965294	0.8477280482133384	1	0.14248265096654675	0	0.009789300820114893	9	4.32068560485277e-07	-0.7821807861328125	-0.623051643371582	0.0023686622735112906	0.6230499148368835	-0.7821785807609558	0.9999972581863403	-0.0014754610601812601	0.0018529912922531366
0.3180674612522125	1.8141229152679443	-0.05526727810502052	0.8891287446022034	0.14787116646766663	0.5899203351268996	1	0.27086343259577356	2	0.1392162322773269	0	0.6446694135665894	-0.7644614577293396	0.0	-3.5845732782036066e-05	-3.02286625810666e-05	-1.0	0.7644614577293396	0.6446694135665894	-4.6890174417058006e-05
0.39863061904907227	1.8820617198944092	0.1517314314842224	0.8473939895629883	0.16408352553844452	0.5598609322171247	2	0.3814084136965976	1	0.05873065408627769	0	0.6446694135665894	-0.7644614577293396	0.0	-3.584572914405726e-05	-3.0228660762077197e-05	-1.0	0.7644614577293396	0.6446694135665894	-4.68901707790792e-05
0.3180674612522125	1.8141229152679443	0.06659937649965286	0.8644863367080688	0.1478702872991562	0.5835195224770057	1	0.28842937078685604	2	0.12805110673613837	0	0.6446694135665894	-0.7644614577293396	0.0	-3.584572914405726e-05	-3.022865712409839e-05	-1.0	0.7644614577293396	0.6446694135665894	-4.68901707790792e-05
0.3180674612522125	1.8141229152679443	0.06659937649965286	0.8644863367080688	0.1478702872991562	0.5835195224770057	1	0.28842937078685604	2	0.12805110673613837	0	4.7187882046273444e-07	-0.7816262245178223	0.6237471699714661	-0.00242683757096529	-0.6237452626228333	-0.781623899936676	0.999997079372406	-0.0015133643755689263	-0.0018971742829307914
0.12774650752544403	1.8820606470108032	0.15173323452472687	0.8473936915397644	0.10938900709152222	0.7178719655149102	1	0.2222443580939344	2	0.05988367639115547	0	4.7187882046273444e-07	-0.7816262245178223	0.6237471699714661	-0.00242683757096529	-0.623745322227478	-0.7816238403320312	0.999997079372406	-0.0015133642591536045	-0.0018971741665154696
0.10062329471111298	1.8141227960586548	0.06659939140081406	0.8644863963127136	0.10396590083837509	0.7806158724514317	1	0.1455968360621489	0	0.07378729148641934	2	4.7187882046273444e-07	-0.7816262245178223	0.6237471699714661	-0.00242683757096529	-0.623745322227478	-0.7816238403320312	0.999997079372406	-0.0015133642591536045	-0.0018971741665154696
-0.3342650532722473	1.8141224384307861	-0.05526721850037575	0.8891288638114929	0.016157981008291245	0.6099589515291745	1	0.21869714156979453	9	0.17134390690103102	0	-0.6484569311141968	-0.7612514495849609	0.0	-3.534452844178304e-05	3.0107537895673886e-05	-1.0	0.7612513899803162	-0.648456871509552	-4.642951171263121e-05
-0.4140216112136841	1.88206148147583	0.15173153579235077	0.8473942279815674	0.0	0.6014473828776732	1	0.31992666357202054	9	0.07862595355030631	0	-0.6484569311141968	-0.7612514495849609	0.0	-3.534452844178304e-05	3.0107537895673886e-05	-1.0	0.7612514495849609	-0.6484569311141968	-4.642951535061002e-05
-0.4140216112136841	1.88206148147583	-0.14055675268173218	0.9064971208572388	2.0940776721545262e-06	0.4716362264759993	9	0.45187097603779214	1	0.07649279748620859	0	-0.6484569311141968	-0.7612514495849609	0.0	-3.534452844178304e-05	3.0107537895673886e-05	-1.0	0.7612514495849609	-0.6484569311141968	-4.642951535061002e-05
-0.33426493406295776	1.644195318222046	0.06659943610429764	0.28881892561912537	0.8269637227058411	0.5543210601682115	0	0.3565376909652692	1	0.08914124886651928	9	5.482294227476814e-07	-1.0	-2.0110315864831085e-13	-3.672738603199832e-05	-1.9933932976501367e-11	-1.0	1.0	5.482294227476814e-07	-3.672738603199832e-05
-0.1168208122253418	1.6441954374313354	-0.05526721850037575	0.3134613037109375	0.870868980884552	0.785831116760093	0	0.21416888323990696	1	0.0	0	5.482294227476814e-07	-1.0	-2.0110315864831085e-13	-3.672738603199832e-05	-1.9933932976501367e-11	-1.0	1.0	5.482294227476814e-07	-3.672738603199832e-05
-0.11682076752185822	1.6441954374313354	0.06659942120313644	0.28881892561912537	0.8708680868148804	0.7823484596068021	0	0.21765154039319795	1	0.0	0	5.482294227476814e-07	-1.0	-2.0110315864831085e-13	-3.672738603199832e-05	-1.9933932976501367e-11	-1.0	1.0	5.482294227476814e-07	-3.672738603199832e-05
-0.3342650532722473	1.8141224384307861	0.06659943610429764	0.942417323589325	0.29579973220825195	0.654803609589135	1	0.17348736461218645	9	0.17170902579867853	0	6.852866363260546e-08	3.605628165828656e-14	1.0	7.852103590266779e-05	1.0	-5.417888360170764e-12	-1.0	7.852103590266779e-05	6.852866363260546e-08
-0.11682076752185822	1.6441954374313354	0.06659942120313644	0.9080579876899719	0.25189322233200073	0.7823484596068021	0	0.21765154039319795	1	0.0	0	6.852866363260546e-08	3.605628165828656e-14	1.0	7.852103590266779e-05	1.0	-5.417888360170764e-12	-1.0	7.852103590266779e-05	6.852866363260546e-08
-0.11682085692882538	1.8141225576400757	0.06659942120313644	0.942417323589325	0.251895934343338	0.8548177793551135	1	0.14169192060443062	0	0.0034903000404559294	9	6.852866363260546e-08	3.605628165828656e-14	1.0	7.852103590266779e-05	1.0	-5.417888360170764e-12	-1.0	7.852103590266779e-05	6.852866363260546e-08
0.3180674612522125	1.8141229152679443	-0.05526727810502052	0.9424146413803101	0.42700624465942383	0.5899203351268996	1	0.27086343259577356	2	0.1392162322773269	0	-1.3705732726521092e-07	-7.211256331657312e-14	-1.0	0.0015384915750473738	0.9999988675117493	-2.1093349289458274e-10	0.9999988675117493	-0.0015384915750473738	-1.3705717094580905e-07
0.10062333941459656	1.6441956758499146	-0.055267248302698135	0.9080579876899719	0.3833233416080475	0.7405657214673497	0	0.2547943292131479	1	0.004639949319502468	2	-1.3705732726521092e-07	-7.211256331657312e-14	-1.0	0.0015384913422167301	0.9999988079071045	-2.1093349289458274e-10	0.9999988079071045	-0.0015384913422167301	-1.3705717094580905e-07
0.1006232500076294	1.8141227960586548	-0.055267248302698135	0.9424146413803101	0.3832707405090332	0.8105748877478989	1	0.1486093003578696	0	0.040815811894231536	2	-1.3705732726521092e-07	-7.211256331657312e-14	-1.0	0.001538491458632052	0.9999988675117493	-2.1093349289458274e-10	0.9999988675117493	-0.001538491458632052	-1.3705717094580905e-07
-0.3342650532722473	1.8141224384307861	-0.05526721850037575	0.9669630527496338	0.24400381743907928	0.6099589515291745	1	0.21869714156979453	9	0.17134390690103102	0	-1.0	-7.015318033154472e-07	0.0	-3.7400447322477604e-11	5.3312549425754696e-05	-1.0	7.015318033154472e-07	-1.0	-5.3312549425754696e-05
-0.33426493406295776	1.644195318222046	0.06659943610429764	0.9424173831939697	0.27831289172172546	0.5543210601682115	0	0.3565376909652692	1	0.08914124886651928	9	-1.0	-7.015318033154472e-07	0.0	-3.740832643650549e-11	5.332377986633219e-05	-1.0	7.015318033154472e-07	-1.0	-5.332377986633219e-05
-0.3342650532722473	1.8141224384307861	0.06659943610429764	0.9424173831939697	0.24400250613689423	0.654803609589135	1	0.17348736461218645	9	0.17170902579867853	0	-1.0	-7.015318033154472e-07	0.0	-3.7385428086622596e-11	5.329113992047496e-05	-1.0	7.015318033154472e-07	-1.0	-5.329113992047496e-05
-0.39473050832748413	1.673714518547058	-0.029613632708787918	0.7479363679885864	0.9775621294975281	1.0	0	0.0	0	0.0	0	-0.9797549843788147	-5.018717956772889e-07	-0.20020057260990143	-0.20020055770874023	7.202690903795883e-05	0.9797549247741699	1.3928117368777748e-05	1.0	-7.066919351927936e-05
-0.3806648850440979	1.390633463859558	-0.09844821691513062	0.7338191270828247	0.9204055666923523	1.0	0	0.0	0	0.0	0	-0.9797549843788147	-5.018717956772889e-07	-0.20020057260990143	-0.20020055770874023	7.202691631391644e-05	0.9797549843788147	1.3928117368777748e-05	1.0	-7.066919351927936e-05
-0.3947303593158722	1.376568078994751	-0.029613617807626724	0.7479363679885864	0.9175645709037781	1.0	0	0.0	0	0.0	0	-0.9797549843788147	-5.018717956772889e-07	-0.20020057260990143	-0.20020055770874023	7.202691631391644e-05	0.9797549247741699	1.3928119187767152e-05	1.0	-7.066920079523697e-05
0.10778629779815674	1.3906338214874268	-0.098448246717453	0.6638904213905334	0.42529335618019104	1.0	0	0.0	0	0.0	0	-1.2202784205328499e-07	-8.111158364973794e-14	-1.0	-0.0015377287054434419	-0.9999988675117493	1.8772541854339408e-10	-0.9999988675117493	0.0015377287054434419	1.2202769994473783e-07
0.3520117402076721	1.65964937210083	-0.09844827651977539	0.6094996333122253	0.37625443935394287	1.0	0	0.0	0	0.0	0	-1.2202784205328499e-07	-8.111158364973794e-14	-1.0	-0.0015377287054434419	-0.9999988675117493	1.8772541854339408e-10	-0.9999988675117493	0.0015377287054434419	1.2202769994473783e-07
0.35201191902160645	1.3906338214874268	-0.09844827651977539	0.6638904809951782	0.37617120146751404	1.0	0	0.0	0	0.0	0	-1.2202784205328499e-07	-8.111158364973794e-14	-1.0	-0.0015377287054434419	-0.9999988675117493	1.8772539078781847e-10	-0.9999988675117493	0.0015377287054434419	1.2202769994473783e-07
0.3660770654678345	1.6737147569656372	0.04336004704236984	0.9194689989089966	0.9121325016021729	1.0	0	0.0	0	0.0	0	0.9797552824020386	6.775279643989052e-07	0.20019878447055817	-0.20019875466823578	0.00045955993118695915	0.9797552227973938	-9.133952698903158e-05	-0.9999998807907104	0.00045039193355478346
0.35201191902160645	1.3906338214874268	0.11219460517168045	0.9334272146224976	0.9692964553833008	1.0	0	0.0	0	0.0	0	0.9797552824020386	6.775279643989052e-07	0.20019878447055817	-0.20019875466823578	0.0004595599602907896	0.9797552227973938	-9.13395342649892e-05	-0.9999998807907104	0.0004503919626586139
0.3660772740840912	1.3765685558319092	0.04336003214120865	0.9194689989089966	0.9721298813819885	1.0	0	0.0	0	0.0	0	0.9797552824020386	6.775279643989052e-07	0.20019878447055817	-0.20019875466823578	0.0004595599020831287	0.9797552227973938	-9.133951971307397e-05	-0.9999998807907104	0.000450391904450953
-0.1364394724369049	1.6596492528915405	0.11219464242458344	0.6094995737075806	0.6010640263557434	1.0	0	0.0	0	0.0	0	1.2202784205328499e-07	8.111155654468363e-14	1.0	-7.834501593606547e-05	-1.0	9.641384912661977e-12	1.0	-7.834501593606547e-05	-1.2202784205328499e-07
-0.3806648850440979	1.390633463859558	0.11219467222690582	0.6638946533203125	0.5517570972442627	1.0	0	0.0	0	0.0	0	1.2202784205328499e-07	8.111155654468363e-14	1.0	-7.834500866010785e-05	-1.0	9.641384045300239e-12	1.0	-7.834500866010785e-05	-1.2202784205328499e-07
-0.13643929362297058	1.3906335830688477	0.11219464242458344	0.6638946533203125	0.6010683178901672	1.0	0	0.0	0	0.0	0	1.2202784205328499e-07	8.111155654468363e-14	1.0	-7.834500866010785e-05	-1.0	9.641384045300239e-12	1.0	-7.834500866010785e-05	-1.2202784205328499e-07
0.1685798615217209	1.4495457410812378	0.05353318899869919	0.8260757923126221	0.9576982259750366	1.0	0	0.0	0	0.0	0	-4.323517543980415e-08	-0.7055987119674683	-0.7086116671562195	-0.0027006613090634346	-0.7086091041564941	0.7055961489677429	-0.9999963045120239	0.001913750427775085	-0.0019055523443967104
0.35201191902160645	1.3906338214874268	0.11219460517168045	0.8380433917045593	0.9206159114837646	1.0	0	0.0	0	0.0	0	-4.323517543980415e-08	-0.7055987119674683	-0.7086116671562195	-0.0027006608434021473	-0.7086090445518494	0.7055961489677429	-0.9999963045120239	0.0019137500785291195	-0.001905551995150745
0.10778631269931793	1.3906338214874268	0.11219462007284164	0.8380433917045593	0.9699277877807617	1.0	0	0.0	0	0.0	0	-4.323517543980415e-08	-0.7055987119674683	-0.7086116671562195	-0.002700661076232791	-0.7086090445518494	0.7055961489677429	-0.9999963045120239	0.0019137501949444413	-0.0019055521115660667
-0.1364395022392273	1.6895142793655396	0.04464779049158096	0.7162585854530334	0.7642207741737366	1.0	0	0.0	0	0.0	0	-3.97078025571318e-07	0.9145928025245667	0.40437620878219604	-1.9581730157369748e-05	-0.40437617897987366	0.9145927429199219	1.0	-7.555219781352207e-06	1.806987711461261e-05
-0.3806650638580322	1.659649133682251	0.11219467222690582	0.7298648953437805	0.7149088978767395	1.0	0	0.0	0	0.0	0	-3.97078025571318e-07	0.9145928025245667	0.40437620878219604	-1.9581730157369748e-05	-0.40437617897987366	0.9145927429199219	1.0	-7.555219781352207e-06	1.806987711461261e-05
-0.1364394724369049	1.6596492528915405	0.11219464242458344	0.7298648953437805	0.7642210721969604	1.0	0	0.0	0	0.0	0	-3.97078025571318e-07	0.9145928025245667	0.40437620878219604	-1.958173197635915e-05	-0.40437620878219604	0.9145928025245667	1.0	-7.555220690846909e-06	1.8069878933602013e-05
-0.8854592442512512	2.4416706562042236	0.32129767537117004	0.4969542324542999	0.4293082058429718	0.9584375148274984	9	0.04156248517250163	10	0.0	0	-0.16193988919258118	0.9868006706237793	5.322854335076954e-08	-3.2497413826604316e-07	-1.0727072208283062e-07	1.0	0.9868006706237793	0.16193988919258118	3.380560826826695e-07
-0.22919590771198273	2.5493674278259277	-0.10531920194625854	0.4108772277832031	0.5618149638175964	0.7397774246590754	9	0.26022257534092463	16	0.0	0	-0.16193988919258118	0.9868006706237793	5.322854335076954e-08	-3.2497413826604316e-07	-1.0727072208283062e-07	1.0	0.9868006706237793	0.16193988919258118	3.380560826826695e-07
-0.8854594826698303	2.4416706562042236	-0.3101218044757843	0.36927610635757446	0.42930811643600464	0.9613850902611468	9	0.038614909738853204	10	0.0	0	-0.16193988919258118	0.9868006706237793	5.322854335076954e-08	-3.2497413826604316e-07	-1.0727072208283062e-07	1.0	0.9868006706237793	0.16193988919258118	3.380560826826695e-07
0.2848920524120331	2.441671133041382	0.3212975561618805	0.4969542622566223	0.6656168699264526	0.8549563278161656	2	0.14504367218383443	16	0.0	0	0.17895865440368652	0.897741973400116	0.40253353118896484	-1.8560351236374117e-05	-0.4091353416442871	0.912473738193512	0.9838566184043884	-0.16330254077911377	-0.07320164889097214
0.20888391137123108	2.55582857131958	0.10049209743738174	0.4525052607059479	0.6502687931060791	0.6747544114861354	2	0.32524558851386465	16	0.0	0	0.17895865440368652	0.897741973400116	0.40253353118896484	-1.8555019778432325e-05	-0.4091353416442871	0.912473738193512	0.9838566184043884	-0.16330254077911377	-0.07320164889097214
0.07024366408586502	2.568108081817627	0.13474276661872864	0.4594525098800659	0.6222754120826721	0.7917033317625621	16	0.15261292858879835	2	0.05568373964863956	9	0.17895865440368652	0.897741973400116	0.40253353118896484	-1.855501795944292e-05	-0.4091353416442871	0.912473738193512	0.9838566184043884	-0.16330254077911377	-0.07320164889097214
-0.30028367042541504	2.4416706562042236	-0.3101218044757843	0.36927613615989685	0.547462522983551	0.8504135260336523	9	0.1143080838311259	16	0.03527839013522184	1	0.016898097470402718	0.8825311660766602	-0.4699501097202301	2.319345367141068e-05	0.4700168967247009	0.8826574087142944	0.9998571872711182	-0.014926130883395672	0.007921922951936722
-0.22919590771198273	2.5493674278259277	-0.10531920194625854	0.4108772277832031	0.5618149638175964	0.7397774246590754	9	0.26022257534092463	16	0.0	0	0.016898097470402718	0.8825311660766602	-0.4699501097202301	2.319345367141068e-05	0.4700168967247009	0.8826574087142944	0.9998571872711182	-0.014926130883395672	0.007921922951936722
-0.05752415210008621	2.55798602104187	-0.08296129107475281	0.4154132604598999	0.5964775681495667	0.9520281746495617	16	0.046195742002804754	9	0.0017760833476335152	2	0.016898097470402718	0.8825311660766602	-0.4699501097202301	2.3192947992356494e-05	0.47001686692237854	0.8826574087142944	0.9998571872711182	-0.014926129952073097	0.007921922020614147
-0.12534268200397491	2.632197618484497	-0.18702825903892517	0.6221312880516052	0.8433173298835754	0.8818881103774495	16	0.11811188962255044	9	0.0	0	-0.19417881965637207	-0.44265711307525635	-0.8754137754440308	0.9757611751556396	0.004650657530874014	-0.21878889203071594	0.100919708609581	-0.8966789245605469	0.43102455139160156
-0.04303770512342453	2.8497023582458496	-0.3152669370174408	0.6364066004753113	0.7998720407485962	1.0	16	0.0	0	0.0	0	-0.19417881965637207	-0.44265711307525635	-0.8754137754440308	0.9757611751556396	0.0046506705693900585	-0.21878889203071594	0.10091971606016159	-0.8966789245605469	0.43102455139160156
-0.03436097875237465	2.632197856903076	-0.20720937848091125	0.640100359916687	0.8434040546417236	0.9417107723337673	16	0.04581254744493624	9	0.012476680221296475	2	-0.19417881965637207	-0.44265711307525635	-0.8754137754440308	0.9757611751556396	0.0046506705693900585	-0.21878889203071594	0.10091971606016159	-0.8966789245605469	0.43102455139160156
-0.04303789883852005	3.1167712211608887	-0.31526699662208557	0.6363704204559326	0.745955765247345	1.0	16	0.0	0	0.0	0	0.08162909001111984	0.6270865201950073	-0.7746607065200806	0.9945740699768066	-0.0009575341246090829	0.10402712225914001	0.06449223309755325	-0.7789490222930908	-0.6237620711326599
-0.12348048388957977	3.2693264484405518	-0.20025035738945007	0.6221857070922852	0.7147395014762878	1.0	16	0.0	0	0.0	0	0.08162909001111984	0.6270865201950073	-0.7746607065200806	0.9945740103721619	-0.000957534066401422	0.10402711480855942	0.06449223309755325	-0.7789490818977356	-0.6237620711326599
-0.03264978900551796	3.2822725772857666	-0.1801992952823639	0.6408361792564392	0.7120711803436279	1.0	16	0.0	0	0.0	0	0.08162909001111984	0.6270865201950073	-0.7746607065200806	0.9945740103721619	-0.0009575340081937611	0.10402710735797882	0.06449223309755325	-0.7789490222930908	-0.6237620711326599
-0.045084141194820404	2.9874818325042725	-0.33068540692329407	0.6357022523880005	0.7721107602119446	1.0	16	0.0	0	0.0	0	-0.24715879559516907	0.11859805136919022	-0.9616897702217102	0.9686655402183533	0.005157070700079203	-0.24831561744213104	-0.024490242823958397	-0.9929289817810059	-0.1161564439535141
-0.17009343206882477	3.1167712211608887	-0.2826131284236908	0.6113560199737549	0.7458189129829407	1.0	16	0.0	0	0.0	0	-0.24715879559516907	0.11859805136919022	-0.9616897702217102	0.9686655402183533	0.0051570734940469265	-0.24831561744213104	-0.024490240961313248	-0.9929289817810059	-0.1161564439535141
-0.04303789883852005	3.1167712211608887	-0.31526699662208557	0.6363704204559326	0.745955765247345	1.0	16	0.0	0	0.0	0	-0.24715879559516907	0.11859805136919022	-0.9616897702217102	0.9686655402183533	0.005157070234417915	-0.24831561744213104	-0.024490244686603546	-0.9929289817810059	-0.1161564439535141
-0.33524346351623535	2.9874818325042725	-0.04718077555298805	0.29613468050956726	0.5975028276443481	1.0	16	0.0	0	0.0	0	-0.8419337868690491	0.1157848984003067	-0.5270118117332458	0.4598214626312256	-0.357096791267395	-0.813047468662262	-0.2823328375816345	-0.926863431930542	0.24741145968437195
-0.17009343206882477	3.1167712211608887	-0.2826131284236908	0.3324812352657318	0.5539507865905762	1.0	16	0.0	0	0.0	0	-0.8419337868690491	0.1157848984003067	-0.5270118117332458	0.4598214626312256	-0.357096791267395	-0.813047468662262	-0.2823328375816345	-0.926863431930542	0.24741145968437195
-0.17800845205783844	2.9874818325042725	-0.29837337136268616	0.3453909754753113	0.5768536925315857	1.0	16	0.0	0	0.0	0	-0.8419337868690491	0.1157848984003067	-0.5270118117332458	0.4598214626312256	-0.3570968210697174	-0.8130475282669067	-0.2823328375816345	-0.926863431930542	0.24741147458553314
-0.12534268200397491	2.632197618484497	-0.18702825903892517	0.3533720374107361	0.6512947082519531	0.8818881103774495	16	0.11811188962255044	9	0.0	0	-0.7857457399368286	-0.3771251440048218	-0.4902859032154083	0.608055591583252	-0.32554900646209717	-0.7240762114524841	0.11345526576042175	-0.8670608997344971	0.4851118326187134
-0.3176370859146118	2.8497023582458496	-0.04615536704659462	0.30701279640197754	0.6231119632720947	0.9646437131520025	16	0.03535628684799749	9	0.0	0	-0.7857457399368286	-0.3771251440048218	-0.4902859032154083	0.6080555319786072	-0.32554900646209717	-0.7240761518478394	0.11345523595809937	-0.8670607805252075	0.4851117432117462
-0.17009328305721283	2.8497023582458496	-0.2826131284236908	0.3533720374107361	0.6036773324012756	0.9971343798473903	16	0.002865620152609758	9	0.0	0	-0.7857457399368286	-0.3771251440048218	-0.4902859032154083	0.608055591583252	-0.32554900646209717	-0.7240762114524841	0.11345526576042175	-0.8670608997344971	0.4851118326187134
-0.3176373243331909	3.1167712211608887	-0.046155307441949844	0.28612199425697327	0.5733853578567505	1.0	16	0.0	0	0.0	0	-0.7449308037757874	0.4785621762275696	-0.4648185968399048	0.30373555421829224	-0.37704989314079285	-0.8749731779098511	-0.5939888954162598	-0.792976438999176	0.13551972806453705
-0.12348048388957977	3.2693264484405518	-0.20025035738945007	0.3060207962989807	0.5316234827041626	1.0	16	0.0	0	0.0	0	-0.7449308037757874	0.4785621762275696	-0.4648185968399048	0.3037355840206146	-0.3770499527454376	-0.8749732375144958	-0.5939888954162598	-0.7929764986038208	0.13551974296569824
-0.17009343206882477	3.1167712211608887	-0.2826131284236908	0.3324812352657318	0.5539507865905762	1.0	16	0.0	0	0.0	0	-0.7449308037757874	0.4785621762275696	-0.4648185968399048	0.3037355840206146	-0.37704992294311523	-0.8749732375144958	-0.5939888954162598	-0.7929764986038208	0.13551974296569824
-0.24196507036685944	2.9874818325042725	0.281115859746933	0.23669971525669098	0.6223811507225037	1.0	16	0.0	0	0.0	0	-0.9150177836418152	0.18938128650188446	0.3561982810497284	-0.40143290162086487	-0.3400563597679138	-0.8504194021224976	-0.03992603346705437	-0.9211386442184448	0.38718146085739136
-0.27443981170654297	3.1167712211608887	0.12895354628562927	0.25431180000305176	0.5867013931274414	1.0	16	0.0	0	0.0	0	-0.9150177836418152	0.18938128650188446	0.3561982810497284	-0.40143290162086487	-0.3400563597679138	-0.8504194617271423	-0.03992604464292526	-0.9211386442184448	0.38718149065971375
-0.2985304594039917	2.9874818325042725	0.13580821454524994	0.26275360584259033	0.6114776134490967	1.0	16	0.0	0	0.0	0	-0.9150177836418152	0.18938128650188446	0.3561982810497284	-0.40143293142318726	-0.3400563597679138	-0.8504195213317871	-0.039926040917634964	-0.9211386442184448	0.38718143105506897
-0.12964481115341187	2.6483569145202637	0.19025082886219025	0.28196150064468384	0.677663266658783	0.8707910740802937	16	0.1292089259197063	9	0.0	0	-0.7637481093406677	-0.39344069361686707	0.5117552876472473	-0.39557185769081116	-0.34122851490974426	-0.852693498134613	0.5101097226142883	-0.8536789417266846	0.10497857630252838
-0.27443957328796387	2.8497023582458496	0.1289534866809845	0.2752026319503784	0.6364279985427856	0.9797036327007755	16	0.020296367299224405	9	0.0	0	-0.7637481093406677	-0.39344069361686707	0.5117552876472473	-0.39557185769081116	-0.34122851490974426	-0.852693498134613	0.5101097226142883	-0.8536789417266846	0.10497857630252838
-0.19709660112857819	2.6490399837493896	0.09011032432317734	0.2993926405906677	0.6702227592468262	0.8622347147530737	16	0.13776528524692636	9	0.0	0	-0.7637481093406677	-0.39344069361686707	0.5117552876472473	-0.39557185769081116	-0.34122851490974426	-0.852693498134613	0.5101097226142883	-0.8536789417266846	0.10497857630252838
-0.27443981170654297	3.1167712211608887	0.12895354628562927	0.25431180000305176	0.5867013931274414	1.0	16	0.0	0	0.0	0	-0.7367721199989319	0.4917008876800537	0.46410897374153137	-0.637461245059967	-0.2763079106807709	-0.7192336916923523	-0.2254108488559723	-0.8257627487182617	0.5170161724090576
-0.13646940886974335	3.2693264484405518	0.18635645508766174	0.2339981347322464	0.5617877840995789	1.0	16	0.0	0	0.0	0	-0.7367721199989319	0.4917008876800537	0.46410897374153137	-0.637461245059967	-0.27630794048309326	-0.7192336916923523	-0.2254108339548111	-0.8257627487182617	0.5170161724090576
-0.19709695875644684	3.2693264484405518	0.09011033922433853	0.2508721947669983	0.5547291040420532	1.0	16	0.0	0	0.0	0	-0.7367721199989319	0.4917008876800537	0.46410897374153137	-0.637461245059967	-0.27630794048309326	-0.7192336916923523	-0.22541087865829468	-0.8257628679275513	0.5170162320137024
0.048476289957761765	2.9874818325042725	0.3239423632621765	0.2586402893066406	0.7637957334518433	1.0	16	0.0	0	0.0	0	0.1951683908700943	0.10963679105043411	0.9746224880218506	-0.9199973344802856	-0.32390064001083374	0.22066578269004822	0.33987393975257874	-0.9397170543670654	0.037650395184755325
0.16339890658855438	3.1167714595794678	0.28638508915901184	0.22815439105033875	0.7468850016593933	1.0	16	0.0	0	0.0	0	0.1951683908700943	0.10963679105043411	0.9746224880218506	-0.9199973344802856	-0.32390064001083374	0.22066578269004822	0.33987393975257874	-0.9397170543670654	0.037650395184755325
0.03848552703857422	3.1149168014526367	0.3116076588630676	0.2520698010921478	0.738865852355957	1.0	16	0.0	0	0.0	0	0.1951683908700943	0.10963679105043411	0.9746224880218506	-0.9199972748756409	-0.32390061020851135	0.22066576778888702	0.33987393975257874	-0.9397171139717102	0.03765039145946503
-0.0756373256444931	2.650092363357544	0.4055810868740082	0.24272362887859344	0.6937084794044495	0.9403003635281946	16	0.05046848841476455	9	0.009231148057040924	2	-0.892773449420929	-0.38910403847694397	0.22705458104610443	-0.06769467890262604	-0.3824094235897064	-0.9215099811553955	0.4453909993171692	-0.8380699157714844	0.3150646388530731
-0.19074220955371857	2.840975522994995	0.280108243227005	0.24919401109218597	0.6492197513580322	0.9885371296346513	16	0.01146287036534867	9	0.0	0	-0.892773449420929	-0.38910403847694397	0.22705458104610443	-0.06769469380378723	-0.38240939378738403	-0.9215099215507507	0.4453910291194916	-0.8380699157714844	0.3150646686553955
-0.12964481115341187	2.6483569145202637	0.19025082886219025	0.28196150064468384	0.677663266658783	0.8707910740802937	16	0.1292089259197063	9	0.0	0	-0.892773449420929	-0.38910403847694397	0.22705458104610443	-0.06769470125436783	-0.38240933418273926	-0.9215099215507507	0.4453910291194916	-0.8380699753761292	0.31506460905075073
0.03848552703857422	3.1149168014526367	0.3116076588630676	0.2520698010921478	0.738865852355957	1.0	16	0.0	0	0.0	0	-0.1794613003730774	0.6265661716461182	0.7584251165390015	-0.9426392912864685	-0.33009886741638184	0.049657512456178665	0.2814689874649048	-0.7060096263885498	0.6498658657073975
0.10857585072517395	3.2693264484405518	0.20062851905822754	0.22861604392528534	0.7143200635910034	1.0	16	0.0	0	0.0	0	-0.1794613003730774	0.6265661716461182	0.7584251165390015	-0.9426392912864685	-0.3300988972187042	0.04965752735733986	0.2814689874649048	-0.7060096859931946	0.6498658657073975
0.028198903426527977	3.2898147106170654	0.1646832376718521	0.242665097117424	0.7051275372505188	1.0	16	0.0	0	0.0	0	-0.1794613003730774	0.6265661716461182	0.7584251165390015	-0.9426392912864685	-0.3300988972187042	0.049657534807920456	0.2814690172672272	-0.7060096263885498	0.6498658657073975
0.27548032999038696	2.9874823093414307	0.16802364587783813	0.26330962777137756	0.4523249864578247	1.0	16	0.0	0	0.0	0	0.9199238419532776	0.18744947016239166	0.34438785910606384	0.39008474349975586	-0.348652720451355	-0.8522177934646606	-0.039676014333963394	0.9183158874511719	-0.39385515451431274
0.3155115842819214	3.116771697998047	-0.009279165416955948	0.2868085503578186	0.49002712965011597	1.0	16	0.0	0	0.0	0	0.9199238419532776	0.18744947016239166	0.34438785910606384	0.39008474349975586	-0.348652720451355	-0.8522177934646606	-0.039676014333963394	0.9183158874511719	-0.39385515451431274
0.2522774934768677	3.116771697998047	0.15963082015514374	0.25500211119651794	0.4771183133125305	1.0	16	0.0	0	0.0	0	0.9199238419532776	0.18744947016239166	0.34438785910606384	0.39008477330207825	-0.34865275025367737	-0.8522178530693054	-0.0396759994328022	0.9183158278465271	-0.39385512471199036
0.17996712028980255	2.649040460586548	0.11207149177789688	0.29927322268486023	0.39309409260749817	0.8279264092900546	16	0.17207359070994546	2	0.0	0	0.8632792830467224	-0.38768842816352844	0.3231821060180664	0.1747538447380066	-0.37111908197402954	-0.9119933247566223	0.4735082983970642	0.8437822461128235	-0.2526293694972992
0.31551170349121094	2.849702835083008	-0.00927913561463356	0.307099848985672	0.4400538206100464	0.9455668723487962	16	0.054433127651203825	2	0.0	0	0.8632792830467224	-0.38768842816352844	0.3231821060180664	0.1747538447380066	-0.37111905217170715	-0.9119932651519775	0.4735082685947418	0.8437821865081787	-0.2526293396949768
0.2522776126861572	2.849702835083008	0.15963083505630493	0.27529338002204895	0.42714500427246094	0.9550921353836755	16	0.044907864616324455	2	0.0	0	0.8632792830467224	-0.38768842816352844	0.3231821060180664	0.1747538447380066	-0.37111908197402954	-0.9119933247566223	0.4735082983970642	0.8437822461128235	-0.2526293694972992
0.2522774934768677	3.116771697998047	0.15963082015514374	0.25500211119651794	0.4771183133125305	1.0	16	0.0	0	0.0	0	0.8305273652076721	0.48114094138145447	0.280584454536438	0.4699317216873169	-0.33490684628486633	-0.8167016506195068	-0.2989789545536041	0.8101487159729004	-0.5042527318000793
0.22162069380283356	3.269326686859131	-0.011223766952753067	0.2753511667251587	0.5185765027999878	1.0	16	0.0	0	0.0	0	0.8305273652076721	0.48114094138145447	0.280584454536438	0.46993178129196167	-0.3349068760871887	-0.8167017102241516	-0.2989789545536041	0.8101487159729004	-0.5042527318000793
0.1799667626619339	3.269326686859131	0.11207148432731628	0.2521452307701111	0.5091606974601746	1.0	16	0.0	0	0.0	0	0.8305273652076721	0.48114094138145447	0.280584454536438	0.4699317216873169	-0.33490684628486633	-0.8167016506195068	-0.2989789545536041	0.8101487159729004	-0.5042527318000793
0.3331179618835449	2.9874823093414307	-0.00825369730591774	0.2964828312397003	0.4657840132713318	1.0	16	0.0	0	0.0	0	0.8976964950561523	0.11888139694929123	-0.4242737591266632	-0.36265167593955994	-0.3475427031517029	-0.8646952509880066	-0.2502494156360626	0.9300974011421204	-0.2688753008842468
0.1964160054922104	3.116771697998047	-0.26126667857170105	0.33373382687568665	0.5089578628540039	1.0	16	0.0	0	0.0	0	0.8976964950561523	0.11888139694929123	-0.4242737591266632	-0.36265164613723755	-0.3475427031517029	-0.8646951913833618	-0.2502494156360626	0.9300974607467651	-0.2688753306865692
0.3155115842819214	3.116771697998047	-0.009279165416955948	0.2868085503578186	0.49002712965011597	1.0	16	0.0	0	0.0	0	0.8976964950561523	0.11888139694929123	-0.4242737591266632	-0.3626517057418823	-0.3475427031517029	-0.8646952509880066	-0.2502494156360626	0.9300974011421204	-0.2688753008842468
0.028198903426527977	3.2898147106170654	0.1646832376718521	0.9806168079376221	0.9808756709098816	1.0	16	0.0	0	0.0	0	0.18215492367744446	0.9722423553466797	0.1468481868505478	-0.9795598387718201	0.19239376485347748	-0.05871189758181572	-0.08533487468957901	-0.13315191864967346	0.987415075302124
0.10857585072517395	3.2693264484405518	0.20062851905822754	0.9639701247215271	0.9871416687965393	1.0	16	0.0	0	0.0	0	0.18215492367744446	0.9722423553466797	0.1468481868505478	-0.9795599579811096	0.19239380955696106	-0.05871190130710602	-0.08533486723899841	-0.13315191864967346	0.987415075302124
